31.5005
27.9211
27.6197
26.3995
25.6869
21.8966
21.4788
19.784
17.2138
16.3553
15.3808
14.2469
13.0616
11.7889
9.2398
9.2398
7.80505
6.97601
6.59802
6.59802
6.2709
5.32492
5.32492
4.50157
4.1021
3.81681
3.59797
3.55561
3.4575
3.44726
3.44726
3.35702
2.94315
2.87885
2.8584
2.8365
2.7243
2.7243
2.68195
2.6818
2.62178
2.62178
2.49929
2.49929
2.49929
2.45294
2.39291
2.27042
2.2104
2.2104
2.2104
2.2104
2.2104
2.2104
2.1462
2.1462
2.1462
2.14208
2.14208
2.14208
2.14208
2.14208
2.14208
2.14208
2.14208
2.14208
2.14208
2.14208
2.14208
2.14208
2.14208
2.0687
2.0687
2.0687
2.0687
2.0687
2.0687
2.0687
2.01418
2.01418
1.98324
1.97021
1.97021
1.97021
1.96878
1.96878
1.90927
1.90927
1.90927
1.90927
1.87041
1.87041
1.87041
1.86918
1.86918
1.86918
1.86918
1.86918
1.86918
1.86918
