1	1	0
2	1.41244	0.00412155
3	1.73222	0.00580602
4	2.00828	0.00711463
5	2.2514	0.00822013
6	2.46305	0.0091907
7	2.649	0.0101095
8	2.83065	0.0108391
9	2.9985	0.0115594
10	3.15357	0.0122132
11	3.30448	0.0128919
12	3.45453	0.0135336
13	3.60078	0.0141225
14	3.74013	0.0147472
15	3.86994	0.0153198
16	3.99627	0.015998
17	4.12335	0.0165258
18	4.24761	0.0171168
19	4.37106	0.017642
20	4.47589	0.018062
21	4.58822	0.0185316
22	4.69429	0.0189314
23	4.80225	0.0195337
24	4.90424	0.019871
25	4.9992	0.0202969
26	5.10641	0.0206994
27	5.20125	0.0210334
28	5.29505	0.0214211
29	5.38763	0.0218779
30	5.47412	0.0222989
31	5.55379	0.022524
32	5.64163	0.0229555
33	5.71955	0.0232853
34	5.81182	0.0236568
35	5.89335	0.0240365
36	5.98191	0.0244143
37	6.06271	0.0248031
38	6.14361	0.0250895
39	6.23673	0.0255236
40	6.31278	0.0258559
41	6.39512	0.0262329
42	6.4714	0.0266332
43	6.53862	0.0270221
44	6.60818	0.0272029
45	6.68693	0.0276096
46	6.75432	0.0278571
47	6.82822	0.0280746
48	6.89799	0.0284116
49	6.97141	0.0286443
50	7.04647	0.0288542
51	7.10587	0.0291313
52	7.18024	0.0294362
53	7.23717	0.0297446
54	7.30615	0.0300203
55	7.37119	0.0303881
56	7.44133	0.0307101
57	7.51134	0.0309867
58	7.56944	0.0312715
59	7.63953	0.0316554
60	7.70427	0.0319868
61	7.77216	0.0322413
62	7.83677	0.0324536
63	7.89634	0.032696
64	7.9474	0.0329286
65	8.00736	0.0330963
66	8.06791	0.0333025
67	8.12587	0.0336045
68	8.19225	0.0339516
69	8.25373	0.0341833
70	8.31323	0.0344051
71	8.37089	0.0345522
72	8.42306	0.0346333
73	8.48014	0.0349392
74	8.54309	0.0351403
75	8.61258	0.0353966
76	8.67097	0.0355375
77	8.72109	0.0357285
78	8.77698	0.0360279
79	8.82239	0.036251
80	8.87806	0.0365266
81	8.92115	0.0366695
82	8.97368	0.0367874
83	9.02196	0.0369765
84	9.06959	0.0371174
85	9.12998	0.0374271
86	9.17498	0.0374791
87	9.22618	0.0376296
88	9.28238	0.0379015
89	9.33608	0.0381015
90	9.38916	0.038288
91	9.43897	0.0385125
92	9.49689	0.0387633
93	9.54912	0.0389073
94	9.60871	0.039182
95	9.65568	0.0392603
96	9.71194	0.0397327
97	9.76733	0.0400087
98	9.81495	0.0402352
99	9.87083	0.0404665
100	9.91915	0.0407316
101	9.95827	0.0409436
102	10.0053	0.0412481
103	10.0548	0.0414849
104	10.1063	0.0417405
105	10.1602	0.0419423
106	10.1975	0.0421785
107	10.2468	0.0423976
108	10.2897	0.0426085
109	10.3431	0.0429389
110	10.392	0.0430468
111	10.4407	0.0431945
112	10.4858	0.043413
113	10.5272	0.0435444
114	10.569	0.0437314
115	10.6233	0.0438351
116	10.6733	0.0439207
117	10.7231	0.0441514
118	10.7731	0.0442948
119	10.8236	0.0445616
120	10.8635	0.044705
121	10.9088	0.0447695
122	10.9598	0.0449484
123	11.0043	0.04514
124	11.0464	0.045314
125	11.0871	0.0454555
126	11.1273	0.0456237
127	11.1761	0.0457354
128	11.2177	0.0459516
129	11.2701	0.0463507
130	11.3153	0.0465356
131	11.361	0.046716
132	11.4057	0.0469905
133	11.4439	0.0470802
134	11.4883	0.0472175
135	11.5256	0.0472605
136	11.5709	0.0474926
137	11.6092	0.0476071
138	11.6434	0.0477173
139	11.6849	0.0478391
140	11.7334	0.048075
141	11.774	0.0483235
142	11.8155	0.0485338
143	11.8591	0.0487352
144	11.8993	0.0489094
145	11.9329	0.0488526
146	11.9712	0.0489671
147	12.0191	0.0492516
148	12.0711	0.0495207
149	12.1139	0.0497465
150	12.1596	0.0499597
151	12.1938	0.0499846
152	12.2419	0.050306
153	12.2874	0.0504581
154	12.3362	0.0507811
155	12.3771	0.0507946
156	12.4102	0.0509353
157	12.4463	0.0509554
158	12.4825	0.0511559
159	12.5221	0.0512426
160	12.5626	0.05152
161	12.5993	0.0517598
162	12.6348	0.0519729
163	12.6774	0.0520724
164	12.7136	0.0522407
165	12.7555	0.0524302
166	12.7831	0.0525809
167	12.8226	0.0527806
168	12.8664	0.0528896
169	12.9093	0.0530486
170	12.9516	0.0531866
171	12.995	0.0532682
172	13.0324	0.053518
173	13.0625	0.0536208
174	13.104	0.0538713
175	13.1455	0.054107
176	13.1819	0.0542612
177	13.2307	0.0547074
178	13.2695	0.0547996
179	13.3048	0.0549203
180	13.3381	0.0550826
181	13.3742	0.0552574
182	13.4082	0.0554757
183	13.4382	0.0555834
184	13.4755	0.0557704
185	13.523	0.0559791
186	13.5636	0.0561103
187	13.6046	0.0562179
188	13.6359	0.0563393
189	13.6687	0.0565806
190	13.7086	0.0566467
191	13.7498	0.0567533
192	13.789	0.0569302
193	13.8161	0.057039
194	13.8513	0.0571547
195	13.8827	0.0573207
196	13.9133	0.0574928
197	13.955	0.0576694
198	13.9861	0.0578839
199	14.0172	0.0580011
200	14.0566	0.0580978
201	14.1037	0.0582531
202	14.1439	0.0585032
203	14.1903	0.0587048
204	14.2311	0.0588939
205	14.256	0.0588235
206	14.2851	0.0589978
207	14.3221	0.0591944
208	14.3564	0.0593477
209	14.399	0.0596304
210	14.4301	0.0597638
211	14.4655	0.059843
212	14.5125	0.0600179
213	14.5491	0.0601256
214	14.5873	0.0601594
215	14.6333	0.0603365
216	14.6721	0.0605473
217	14.7105	0.0607659
218	14.7435	0.0609246
219	14.7807	0.0609896
220	14.803	0.0610413
221	14.836	0.0610953
222	14.8637	0.0609543
223	14.8885	0.060918
224	14.9238	0.0610458
225	14.9575	0.061154
226	15.0001	0.0613727
227	15.0332	0.0615099
228	15.0689	0.0616208
229	15.0981	0.0617953
230	15.1268	0.0619037
231	15.1606	0.0619757
232	15.1837	0.0619869
233	15.2185	0.0621387
234	15.2447	0.0623109
235	15.274	0.0624006
236	15.3075	0.0626002
237	15.3379	0.0628497
238	15.3728	0.0629577
239	15.4027	0.06296
240	15.4288	0.0630504
241	15.456	0.0631825
242	15.4952	0.0631922
243	15.5235	0.063292
244	15.5522	0.063441
245	15.5898	0.0635966
246	15.6285	0.0638911
247	15.6601	0.0640306
248	15.7005	0.0640749
249	15.7273	0.0641549
250	15.7504	0.0642234
251	15.7792	0.0641707
252	15.8039	0.0643391
253	15.8432	0.0645056
254	15.8657	0.0646388
255	15.9101	0.0646804
256	15.928	0.0648893
257	15.96	0.0650925
258	15.9986	0.0653347
259	16.0318	0.0654538
260	16.0669	0.0656663
261	16.0936	0.0658363
262	16.125	0.0658823
263	16.1535	0.0659007
264	16.1907	0.0660931
265	16.214	0.0661022
266	16.2372	0.0662868
267	16.2658	0.0663977
268	16.2879	0.0665456
269	16.3112	0.0665226
270	16.3433	0.0666422
271	16.3736	0.0666188
272	16.4036	0.0668431
273	16.4458	0.0671573
274	16.4693	0.0672305
275	16.5043	0.0673654
276	16.5335	0.0676432
277	16.5644	0.0678651
278	16.594	0.067985
279	16.6159	0.0679534
280	16.6528	0.0680686
281	16.6841	0.0681968
282	16.7125	0.0681665
283	16.7565	0.0683337
284	16.7926	0.0685207
285	16.8286	0.0686824
286	16.8529	0.0686899
287	16.8826	0.0686995
288	16.9185	0.068715
289	16.9406	0.06887
290	16.9656	0.0690821
291	16.9947	0.0691892
292	17.02	0.0693063
293	17.0469	0.0695291
294	17.0766	0.0697776
295	17.0995	0.0698386
296	17.1296	0.0699485
297	17.1586	0.0700252
298	17.1908	0.0701519
299	17.2236	0.0703437
300	17.25	0.0704759
301	17.2714	0.0705723
302	17.2982	0.0707963
303	17.3181	0.0708432
304	17.3384	0.0709544
305	17.3757	0.0711869
306	17.4196	0.0714299
307	17.4449	0.0714636
308	17.4761	0.0715896
309	17.5155	0.0718632
310	17.5428	0.0719681
311	17.5612	0.0720828
312	17.588	0.0722242
313	17.6124	0.0723491
314	17.646	0.0724843
315	17.6776	0.0726568
316	17.7001	0.0726357
317	17.7331	0.0727952
318	17.761	0.0727484
319	17.7943	0.0728251
320	17.8308	0.0730136
321	17.8611	0.0731896
322	17.8901	0.0732917
323	17.922	0.0734977
324	17.9558	0.0735746
325	17.9787	0.073581
326	18.019	0.073879
327	18.0557	0.0740554
328	18.085	0.0741803
329	18.1129	0.0743405
330	18.1411	0.0744581
331	18.1703	0.0745947
332	18.1911	0.0747079
333	18.2136	0.0749103
334	18.236	0.0751163
335	18.2619	0.075337
336	18.2876	0.0754149
337	18.3152	0.0754256
338	18.3427	0.0756016
339	18.3752	0.0757655
340	18.3969	0.0758898
341	18.4295	0.0759775
342	18.4669	0.0761075
343	18.4931	0.076176
344	18.5176	0.0762228
345	18.5521	0.0764261
346	18.5684	0.0764647
347	18.6075	0.0766685
348	18.6348	0.0767438
349	18.6608	0.0768655
350	18.6931	0.0770134
351	18.7242	0.0770764
352	18.7509	0.0772293
353	18.7769	0.077244
354	18.8081	0.0774652
355	18.8318	0.0775096
356	18.8566	0.0775269
357	18.8862	0.0776188
358	18.9139	0.0777365
359	18.9348	0.0779583
360	18.9668	0.0781727
361	18.9902	0.0782536
362	19.0197	0.0783484
363	19.0536	0.0784546
364	19.0849	0.0787074
365	19.1178	0.0789084
366	19.1408	0.0790144
367	19.1595	0.0791282
368	19.1883	0.0792998
369	19.2213	0.0794136
370	19.25	0.0794912
371	19.2773	0.0796333
372	19.3042	0.079778
373	19.3299	0.0798683
374	19.3583	0.0800114
375	19.3896	0.080291
376	19.4077	0.0804129
377	19.421	0.0805336
378	19.4449	0.0805577
379	19.4778	0.0807496
380	19.51	0.0809668
381	19.532	0.0809632
382	19.5513	0.0810197
383	19.5776	0.0811119
384	19.5994	0.0812739
385	19.6187	0.0814725
386	19.6435	0.0816541
387	19.664	0.0815998
388	19.6848	0.0816616
389	19.7066	0.0816212
390	19.7361	0.0816291
391	19.7625	0.0816123
392	19.7931	0.0817983
393	19.8083	0.0817648
394	19.8367	0.0818282
395	19.8732	0.0820897
396	19.8893	0.0819938
397	19.9075	0.0819915
398	19.9258	0.082011
399	19.9564	0.0820751
400	19.9823	0.082099
401	20.0049	0.0820993
402	20.0315	0.0822247
403	20.0559	0.0823826
404	20.0803	0.0825877
405	20.1106	0.0826711
406	20.1323	0.0827604
407	20.1686	0.0829375
408	20.1989	0.0830331
409	20.2266	0.083234
410	20.2513	0.0833789
411	20.2729	0.0835211
412	20.2879	0.0835614
413	20.3055	0.083631
414	20.3229	0.083703
415	20.3377	0.083577
416	20.3753	0.0836878
417	20.3986	0.0838307
418	20.4131	0.0839045
419	20.4433	0.0839436
420	20.463	0.0840914
421	20.4727	0.0841734
422	20.5016	0.0842697
423	20.5396	0.0842807
424	20.5623	0.0843966
425	20.5881	0.0844032
426	20.6099	0.0844868
427	20.6293	0.0845412
428	20.6492	0.0846784
429	20.6737	0.08482
430	20.7059	0.0849697
431	20.7263	0.0850445
432	20.7518	0.085173
433	20.7721	0.0853724
434	20.7995	0.0854407
435	20.8145	0.0855895
436	20.8391	0.0857156
437	20.8493	0.0857617
438	20.8658	0.0858888
439	20.9041	0.0861073
440	20.9183	0.0860812
441	20.9444	0.0862281
442	20.9752	0.0863731
443	21.0008	0.0864087
444	21.0199	0.0865426
445	21.0351	0.0866991
446	21.0584	0.0868728
447	21.0873	0.0870715
448	21.1142	0.0872572
449	21.1395	0.087467
450	21.17	0.0876161
451	21.1851	0.0877383
452	21.2142	0.0879309
453	21.2346	0.0880241
454	21.2476	0.0881316
455	21.2686	0.0882065
456	21.2905	0.088227
457	21.3181	0.0882925
458	21.3389	0.0884718
459	21.3642	0.0886859
460	21.3785	0.0886953
461	21.4065	0.0889786
462	21.4302	0.0890395
463	21.4585	0.0890945
464	21.4898	0.08921
465	21.5187	0.0893291
466	21.5375	0.0894568
467	21.5609	0.0895384
468	21.584	0.0896767
469	21.6053	0.0897436
470	21.6411	0.0899435
471	21.6664	0.0900255
472	21.7032	0.0901379
473	21.7253	0.0901235
474	21.7563	0.0903446
475	21.7786	0.0904269
476	21.7986	0.0903709
477	21.8262	0.090416
478	21.837	0.0905829
479	21.865	0.0906432
480	21.8952	0.0908621
481	21.9146	0.090942
482	21.9356	0.0909311
483	21.9538	0.0910965
484	21.979	0.0912516
485	21.9963	0.0914018
486	22.0199	0.091386
487	22.0437	0.0914427
488	22.0711	0.0915144
489	22.0946	0.0916497
490	22.1208	0.0917549
491	22.1355	0.0918163
492	22.1568	0.0918612
493	22.1819	0.0921025
494	22.1973	0.0923325
495	22.215	0.0923147
496	22.2286	0.0923359
497	22.2459	0.0925258
498	22.2653	0.0925367
499	22.3036	0.0926787
500	22.3295	0.0927206
501	22.3545	0.0928958
502	22.3817	0.0931256
503	22.4057	0.0932195
504	22.438	0.0933834
505	22.4645	0.093316
506	22.4858	0.0934941
507	22.4993	0.0934667
508	22.516	0.0935692
509	22.5385	0.0935985
510	22.5575	0.0936519
511	22.5815	0.0936991
512	22.6004	0.0936609
513	22.624	0.0937862
514	22.6526	0.0939127
515	22.6808	0.0940271
516	22.7001	0.0942333
517	22.7238	0.0943128
518	22.7527	0.0944127
519	22.7692	0.0945321
520	22.7844	0.0945802
521	22.8049	0.0947149
522	22.8218	0.0947471
523	22.8548	0.09474
524	22.8632	0.0946654
525	22.8803	0.0946588
526	22.9044	0.0947742
527	22.9312	0.0948636
528	22.9441	0.0950027
529	22.9663	0.0949555
530	22.9906	0.0950371
531	23.012	0.0950651
532	23.0448	0.0953041
533	23.0531	0.0954288
534	23.0703	0.0954861
535	23.0833	0.0954868
536	23.1002	0.0955946
537	23.1254	0.0957284
538	23.1465	0.0957206
539	23.1704	0.0958352
540	23.1972	0.0959867
541	23.2091	0.0960047
542	23.2197	0.0960949
543	23.2467	0.09631
544	23.2733	0.0964277
545	23.2903	0.0964309
546	23.313	0.0965746
547	23.3386	0.0967659
548	23.3621	0.0968875
549	23.3845	0.096909
550	23.4054	0.0969703
551	23.4235	0.0970521
552	23.4427	0.0970359
553	23.4684	0.097237
554	23.4771	0.0973144
555	23.5071	0.0975233
556	23.5257	0.0976818
557	23.5472	0.097808
558	23.568	0.0978938
559	23.5886	0.0978262
560	23.6092	0.0980119
561	23.6315	0.0981474
562	23.6593	0.0983462
563	23.6756	0.0984938
564	23.6903	0.0986114
565	23.7131	0.0985959
566	23.7419	0.0987252
567	23.7643	0.0987957
568	23.7837	0.0988885
569	23.8152	0.0989724
570	23.8405	0.0990809
571	23.8621	0.0991259
572	23.8908	0.0991719
573	23.912	0.0993394
574	23.9365	0.0994158
575	23.9485	0.0993434
576	23.9667	0.0994946
577	23.9763	0.0994895
578	24.005	0.0996581
579	24.0232	0.0997201
580	24.0375	0.0997693
581	24.0642	0.0998753
582	24.0841	0.0999451
583	24.0985	0.0999035
584	24.1111	0.0998951
585	24.1342	0.0998807
586	24.1516	0.0999922
587	24.1776	0.100061
588	24.19	0.100107
589	24.2134	0.10012
590	24.2332	0.100176
591	24.2509	0.100294
592	24.2688	0.100264
593	24.286	0.100388
594	24.3109	0.10044
595	24.3274	0.100531
596	24.3505	0.100677
597	24.365	0.100666
598	24.3822	0.100819
599	24.4017	0.100805
600	24.4263	0.100805
601	24.4511	0.100856
602	24.4733	0.100991
603	24.4951	0.101079
604	24.5091	0.101182
605	24.5266	0.101366
606	24.548	0.101426
607	24.5605	0.101615
608	24.5908	0.101708
609	24.6231	0.101766
610	24.6391	0.101805
611	24.6657	0.101933
612	24.679	0.101824
613	24.6986	0.102015
614	24.7224	0.102111
615	24.7382	0.102232
616	24.7736	0.102371
617	24.7931	0.102397
618	24.8072	0.102582
619	24.8267	0.102559
620	24.8426	0.102582
621	24.8609	0.102655
622	24.8758	0.102756
623	24.8996	0.102894
624	24.9169	0.103021
625	24.949	0.103201
626	24.9719	0.103223
627	24.9891	0.103234
628	25.0045	0.103318
629	25.022	0.103391
630	25.0399	0.103336
631	25.0609	0.103399
632	25.0821	0.103561
633	25.1033	0.10354
634	25.1235	0.103593
635	25.1564	0.103737
636	25.1727	0.103745
637	25.2046	0.103895
638	25.227	0.103967
639	25.2541	0.10408
640	25.2769	0.104227
641	25.3031	0.104258
642	25.3198	0.104348
643	25.3394	0.104323
644	25.3582	0.104388
645	25.3727	0.1047
646	25.3963	0.104708
647	25.4086	0.10469
648	25.4331	0.104718
649	25.4424	0.104734
650	25.4635	0.104797
651	25.48	0.104732
652	25.4971	0.10487
653	25.5158	0.10495
654	25.5339	0.105003
655	25.5527	0.10503
656	25.5829	0.105118
657	25.6156	0.105215
658	25.6262	0.105169
659	25.6438	0.105312
660	25.6606	0.105517
661	25.6938	0.105733
662	25.7101	0.105675
663	25.7357	0.105979
664	25.7596	0.106121
665	25.7706	0.106117
666	25.7972	0.10624
667	25.8141	0.106523
668	25.8323	0.106554
669	25.8553	0.106572
670	25.8689	0.106579
671	25.8841	0.106703
672	25.9035	0.106793
673	25.9236	0.106863
674	25.9435	0.107004
675	25.9577	0.107073
676	25.9737	0.10718
677	25.9959	0.107187
678	26.0119	0.107274
679	26.036	0.107404
680	26.0505	0.107445
681	26.0661	0.107515
682	26.0859	0.107663
683	26.1134	0.107849
684	26.1256	0.107859
685	26.1501	0.108118
686	26.1758	0.108333
687	26.1911	0.108374
688	26.2028	0.108436
689	26.2201	0.108513
690	26.2418	0.108488
691	26.2579	0.108549
692	26.2635	0.108364
693	26.2846	0.108443
694	26.2995	0.108442
695	26.3253	0.108568
696	26.3412	0.108718
697	26.3582	0.108765
698	26.3703	0.108803
699	26.3882	0.109032
700	26.412	0.109155
701	26.4415	0.109341
702	26.4552	0.109474
703	26.4693	0.109478
704	26.487	0.109576
705	26.5098	0.109575
706	26.5352	0.109725
707	26.5523	0.109862
708	26.5727	0.109982
709	26.5977	0.110171
710	26.6105	0.110336
711	26.6281	0.110365
712	26.6391	0.110441
713	26.6655	0.1105
714	26.6793	0.110585
715	26.6986	0.110708
716	26.7088	0.1108
717	26.7198	0.110924
718	26.7429	0.111175
719	26.7575	0.111091
720	26.7759	0.111174
721	26.7883	0.111237
722	26.7965	0.11124
723	26.8138	0.111247
724	26.8348	0.111312
725	26.8497	0.111341
726	26.8738	0.111296
727	26.8881	0.111357
728	26.9165	0.111495
729	26.9332	0.111388
730	26.9512	0.111517
731	26.9648	0.111685
732	26.9855	0.11185
733	27	0.111908
734	27.0185	0.111926
735	27.0401	0.112065
736	27.0557	0.112072
737	27.0774	0.112137
738	27.1048	0.11212
739	27.1183	0.112282
740	27.1381	0.112351
741	27.1596	0.112383
742	27.1727	0.11241
743	27.1845	0.112445
744	27.1991	0.112485
745	27.2299	0.11258
746	27.255	0.112707
747	27.2572	0.112764
748	27.2666	0.112677
749	27.2814	0.112721
750	27.2864	0.112771
751	27.3005	0.112743
752	27.311	0.112884
753	27.3365	0.11291
754	27.3539	0.112973
755	27.3645	0.112991
756	27.3724	0.113022
757	27.3874	0.113202
758	27.4129	0.113292
759	27.4276	0.113329
760	27.4509	0.113393
761	27.4738	0.113463
762	27.492	0.113489
763	27.5253	0.113612
764	27.5478	0.113501
765	27.5671	0.113732
766	27.5944	0.113728
767	27.6089	0.113777
768	27.6349	0.113903
769	27.65	0.113882
770	27.67	0.114001
771	27.6995	0.114155
772	27.7149	0.114256
773	27.7389	0.114447
774	27.7615	0.114572
775	27.7823	0.114716
776	27.7965	0.114805
777	27.8101	0.114891
778	27.8281	0.115021
779	27.8472	0.115024
780	27.8637	0.114934
781	27.8652	0.114963
782	27.8769	0.11508
783	27.891	0.115096
784	27.9114	0.115104
785	27.9264	0.115138
786	27.939	0.115198
787	27.9552	0.115306
788	27.9686	0.115357
789	27.9846	0.115416
790	28.0033	0.115404
791	28.0306	0.115409
792	28.0424	0.115463
793	28.0601	0.115538
794	28.072	0.115647
795	28.0825	0.11573
796	28.0918	0.115676
797	28.107	0.115712
798	28.1192	0.115707
799	28.1332	0.11585
800	28.1458	0.115818
801	28.1678	0.11576
802	28.1858	0.115906
803	28.2089	0.116042
804	28.2364	0.116269
805	28.2552	0.116328
806	28.2658	0.116381
807	28.2864	0.116416
808	28.3043	0.116463
809	28.3171	0.116385
810	28.3257	0.116443
811	28.3462	0.11649
812	28.3686	0.116609
813	28.3929	0.116686
814	28.4062	0.116831
815	28.4198	0.116851
816	28.4528	0.116912
817	28.4721	0.116986
818	28.4851	0.117005
819	28.5089	0.117141
820	28.5259	0.117335
821	28.546	0.117532
822	28.5647	0.117571
823	28.5722	0.117627
824	28.5958	0.117628
825	28.621	0.117685
826	28.6454	0.117937
827	28.6612	0.118012
828	28.6842	0.118302
829	28.6979	0.118457
830	28.7064	0.118511
831	28.7234	0.118601
832	28.7361	0.118664
833	28.7576	0.118825
834	28.7772	0.118884
835	28.8	0.119023
836	28.8213	0.119179
837	28.8376	0.119351
838	28.8408	0.119346
839	28.8587	0.119408
840	28.8844	0.119514
841	28.9028	0.119651
842	28.9254	0.119764
843	28.9319	0.119791
844	28.9582	0.119876
845	28.9689	0.119886
846	28.9858	0.120058
847	29.0004	0.120072
848	29.01	0.120219
849	29.0337	0.120293
850	29.04	0.120345
851	29.0494	0.120447
852	29.0646	0.120566
853	29.0762	0.120768
854	29.0918	0.120948
855	29.1139	0.121095
856	29.1227	0.121051
857	29.1442	0.121207
858	29.1694	0.121298
859	29.1847	0.121378
860	29.2021	0.121432
861	29.2267	0.121571
862	29.2507	0.121653
863	29.2729	0.12184
864	29.3	0.121979
865	29.3117	0.122143
866	29.3345	0.122182
867	29.3526	0.122344
868	29.3634	0.122418
869	29.3902	0.122529
870	29.4139	0.122643
871	29.4361	0.122793
872	29.4517	0.12276
873	29.4726	0.1229
874	29.4856	0.122825
875	29.5022	0.122834
876	29.5196	0.123047
877	29.5267	0.123044
878	29.5463	0.122863
879	29.5693	0.123019
880	29.5889	0.123157
881	29.6068	0.123239
882	29.6249	0.123332
883	29.6414	0.12329
884	29.6556	0.123278
885	29.6653	0.123358
886	29.6822	0.12344
887	29.6997	0.123651
888	29.7076	0.123825
889	29.7279	0.124052
890	29.7339	0.124059
891	29.7498	0.124189
892	29.7653	0.124207
893	29.789	0.12441
894	29.7934	0.124422
895	29.8121	0.124543
896	29.8231	0.12445
897	29.8443	0.124355
898	29.8671	0.124317
899	29.8861	0.124486
900	29.901	0.1246
901	29.9153	0.124707
902	29.9347	0.124784
903	29.9473	0.124797
904	29.9654	0.124918
905	29.9769	0.12499
906	29.9866	0.125114
907	29.9952	0.125073
908	30.0109	0.125068
909	30.0211	0.125097
910	30.038	0.125308
911	30.0616	0.125378
912	30.079	0.125411
913	30.0935	0.125533
914	30.1084	0.125535
915	30.1239	0.125653
916	30.1336	0.125778
917	30.1496	0.125722
918	30.1684	0.125667
919	30.1804	0.125723
920	30.2026	0.125848
921	30.2139	0.125895
922	30.2219	0.125826
923	30.2382	0.125885
924	30.2612	0.12604
925	30.286	0.126126
926	30.3058	0.126187
927	30.3324	0.126298
928	30.3453	0.126266
929	30.3556	0.126216
930	30.3789	0.126289
931	30.3938	0.126349
932	30.4125	0.126336
933	30.4275	0.126455
934	30.4423	0.126513
935	30.4558	0.126538
936	30.475	0.126643
937	30.4851	0.126662
938	30.5013	0.126698
939	30.5204	0.126953
940	30.5356	0.126943
941	30.5464	0.126987
942	30.5723	0.127053
943	30.5873	0.127087
944	30.617	0.127264
945	30.6353	0.127239
946	30.6602	0.127266
947	30.6718	0.127282
948	30.6882	0.127267
949	30.6952	0.127348
950	30.7162	0.127421
951	30.7288	0.127376
952	30.7405	0.127365
953	30.7517	0.127524
954	30.7675	0.127511
955	30.7784	0.127432
956	30.801	0.127453
957	30.8244	0.127479
958	30.8396	0.127532
959	30.85	0.127576
960	30.8633	0.127868
961	30.88	0.127881
962	30.8997	0.127919
963	30.928	0.128039
964	30.9371	0.127971
965	30.9689	0.128183
966	30.9844	0.128138
967	30.9939	0.128275
968	30.9975	0.128388
969	31.0122	0.128437
970	31.0315	0.128564
971	31.0635	0.128617
972	31.0802	0.128749
973	31.0879	0.128754
974	31.0999	0.12885
975	31.1192	0.128874
976	31.1306	0.12892
977	31.1333	0.128965
978	31.1518	0.129031
979	31.1674	0.129135
980	31.1884	0.129154
981	31.2069	0.129178
982	31.2273	0.129301
983	31.2356	0.129306
984	31.2535	0.12934
985	31.272	0.129599
986	31.2893	0.129679
987	31.308	0.129774
988	31.3147	0.129883
989	31.3345	0.12992
990	31.3489	0.129981
991	31.366	0.130054
992	31.3859	0.130138
993	31.4057	0.130123
994	31.4202	0.130189
995	31.4307	0.130154
996	31.4512	0.130228
997	31.4647	0.130353
998	31.4754	0.130434
999	31.5015	0.130345
1000	31.5173	0.130386
