0.000117908
0.00323376
-0.000719828
0.00205203
0.00037233
0.00259393
0.00152834
-0.00242864
-0.00572174
-0.00172335
0.0031366
0.000765945
0.00213301
-0.000772436
0.00455481
0.00015449
-0.00107848
0.000269244
0.00309575
-0.0021941
-0.00377375
-0.00599615
0.001813
0.000350947
0.00175154
0.00139363
0.000439848
0.00227981
-0.000257668
-0.00242188
-0.000160096
0.00281827
-0.00291775
0.00109399
0.00364902
-0.00247852
-0.000974034
-0.00107523
-0.00103298
0.00166007
-0.00234966
-0.000513417
0.000786992
0.00258328
0.000856857
-0.00399253
-0.00198519
0.00368679
0.00139904
0.00127719
-0.000718867
0.00347103
0.00100202
0.00134996
0.00143899
0.00171959
0.00479427
0.00182696
0.00358438
-0.000690637
-0.00209432
0.00240412
0.000336575
0.00236473
-0.0032706
-0.00159932
0.00144777
0.000404033
0.00358791
0.00136463
0.001584
-0.000241158
-0.00174906
0.00193827
-0.000565295
-0.00067321
-0.000413751
0.000526617
-0.00156303
-5.50052e-05
-0.000816775
-0.00494224
2.34197e-06
0.000511112
-0.000895297
0.00320497
-0.0015045
0.00262578
-0.000761126
-0.000231033
0.00314286
-0.00440663
-0.000114565
-0.000405741
-0.00250501
0.000204357
0.00177589
-0.00297269
-0.000710992
0.000731962
